 15    ! NMAT  ----> INDTAB | FACT_CM | NI | BETA | GAMMA | THETA | CBR | CR
 1  2.00E-08  3.00E-01  1.00E+00  1.00E+00  1.00E+00  0.00E+00  5.00E+01 z1 gravel
 1  3.00E-08  3.00E-01  1.00E+00  1.00E+00  1.00E+00  0.00E+00  5.00E+01 z1 sand
 1  4.00E-07  3.00E-01  1.00E+00  1.00E+00  1.00E+00  0.00E+00  5.00E+01 z1 Silty
 1  6.00E-07  3.00E-01  1.00E+00  1.00E+00  1.00E+00  0.00E+00  5.00E+01 z1 clay
 1  1.00E-13  3.00E-01  1.00E+00  1.00E+00  1.00E+00  0.00E+00  5.00E+01 z1 bed_rock
 1  2.00E-08  3.00E-01  1.00E+00  1.00E+00  1.00E+00  0.00E+00  5.00E+01 z2 gravel
 1  3.00E-08  3.00E-01  1.00E+00  1.00E+00  1.00E+00  0.00E+00  5.00E+01 z2 sand
 1  4.00E-07  3.00E-01  1.00E+00  1.00E+00  1.00E+00  0.00E+00  5.00E+01 z2 Silty
 1  6.00E-07  3.00E-01  1.00E+00  1.00E+00  1.00E+00  0.00E+00  5.00E+01 z2 clay
 1  1.00E-13  3.00E-01  1.00E+00  1.00E+00  1.00E+00  0.00E+00  5.00E+01 z2 bed_rock
 1  2.00E-08  3.00E-01  1.00E+00  1.00E+00  1.00E+00  0.00E+00  5.00E+01 z3 gravel
 1  3.00E-08  3.00E-01  1.00E+00  1.00E+00  1.00E+00  0.00E+00  5.00E+01 z3 sand
 1  4.00E-07  3.00E-01  1.00E+00  1.00E+00  1.00E+00  0.00E+00  5.00E+01 z3 Silty
 1  6.00E-07  3.00E-01  1.00E+00  1.00E+00  1.00E+00  0.00E+00  5.00E+01 z3 clay
 1  1.00E-13  3.00E-01  1.00E+00  1.00E+00  1.00E+00  0.00E+00  5.00E+01 z3 bed_rock
